4294967279,92
4294967279,91
4294967279,90
4294967279,89
4294967279,97
4294967279,96
4294967279,95
4294967279,94
4294967279,93
4294967279,535
4294967278,250
4294967279,250
4294967278,248
4294967279,248
4294967278,246
4294967279,246
4294967279,244
4294967279,101
4294967279,100
4294967279,99
4294967279,98
4294967278,345
4294967279,534
4294967278,344
4294967279,533
4294967279,532
4294967278,168
4294967279,531
4294967278,167
4294967278,162
4294967279,106
4294967279,105
4294967279,104
4294967279,103
4294967279,102
4294967279,276
4294967278,137
4294967279,530
4294967278,273
4294967278,270
4294967279,286
4294967279,110
4294967279,109
4294967279,108
4294967279,107
4294967278,242
4294967279,529
4294967279,242
4294967278,239
4294967279,240
4294967279,237
4294967279,116
4294967279,115
4294967279,114
4294967279,113
4294967279,112
4294967279,111
4294967278,4
4294967279,132
4294967279,131
4294967279,130
4294967279,129
4294967279,128
4294967279,127
4294967279,126
4294967279,125
4294967279,124
4294967279,123
4294967279,122
4294967279,121
4294967279,120
4294967279,119
4294967279,118
4294967279,117
4294967278,343
4294967278,342
4294967278,341
4294967278,158
4294967278,40
4294967278,38
4294967278,37
4294967278,36
4294967278,35
4294967278,34
4294967278,33
4294967278,32
4294967278,31
4294967278,30
4294967278,29
4294967278,28
4294967278,27
4294967278,26
4294967278,25
4294967278,24
4294967278,23
4294967278,22
4294967278,21
4294967278,20
4294967278,19
4294967278,18
4294967278,17
4294967278,16
4294967278,15
4294967278,267
4294967278,14
4294967278,13
4294967278,12
4294967278,281
4294967278,11
4294967278,10
4294967278,9
4294967278,8
4294967278,7
4294967278,6
4294967278,5
4294967279,24
4294967279,22
4294967279,19
4294967279,17
4294967279,16
4294967279,13
4294967279,11
4294967294,112
4294967294,590
4294967294,97
4294967294,80
4294967294,179
4294967294,169
4294967294,404
4294967294,161
4294967294,186
4294967278,140
4294967279,140
4294967279,139
4294967278,138
4294967279,137
4294967278,136
4294967278,135
4294967279,135
4294967294,265
4294967294,262
4294967294,261
4294967294,221
4294967294,219
4294967294,218
4294967294,216
4294967294,198
4294967294,384
4294967294,191
4294967294,433
4294967294,431
4294967294,14
4294967294,20
4294967294,13
4294967294,30
4294967294,160
4294967294,164
4294967294,39
4294967294,165
4294967294,113
4294967294,167
4294967294,173
4294967294,181
4294967294,126
4294967294,12
4294967294,104
4294967294,106
4294967294,166
4294967294,24
4294967294,387
4294967294,189
4294967294,188
4294967294,178
4294967294,172
4294967294,171
4294967294,170
4294967294,163
4294967294,385
4294967294,162
4294967294,427
4294967279,287
4294967279,274
24,4
4294967279,273
24,3
24,2
24,1
4294967279,272
4294967278,340
4294967278,339
4294967279,270
23,7
4294967278,338
4294967279,268
23,6
4294967278,337
4294967279,266
23,5
4294967279,264
23,4
23,3
23,2
23,1
4294967278,336
4294967279,263
4294967279,283
4294967279,282
4294967279,528
4294967279,262
22,5
4294967279,279
4294967278,335
22,4
4294967279,527
22,3
22,2
22,1
4294967279,526
4294967278,334
4294967294,445
4294967279,525
4294967294,266
4294967278,333
21,4
4294967278,332
21,3
21,2
21,1
4294967278,331
4294967279,524
4294967278,259
4294967278,257
4294967278,258
4294967278,330
4294967278,329
4294967279,523
20,5
4294967278,255
20,4
4294967278,253
20,3
20,2
20,1
4294967278,252
4294967278,251
4294967278,249
4294967278,247
19,4
19,3
19,2
19,1
4294967278,245
4294967278,243
18,4
4294967278,241
18,3
18,2
18,1
4294967278,328
4294967278,240
4294967294,609
4294967294,392
4294967278,236
17,6
4294967294,120
4294967294,223
4294967294,29
4294967294,398
4294967278,232
17,5
4294967294,76
4294967278,228
17,4
17,3
17,2
17,1
4294967278,226
4294967294,44
4294967294,250
4294967294,43
4294967278,224
4294967294,42
16,4
4294967278,222
16,3
16,2
16,1
4294967278,221
4294967294,85
4294967294,84
4294967294,82
4294967294,83
4294967294,52
4294967294,422
4294967294,397
4294967294,411
4294967294,401
4294967294,177
4294967294,409
4294967294,426
4294967294,182
4294967294,220
4294967294,419
4294967294,168
4294967294,418
4294967294,406
4294967294,454
4294967294,111
4294967294,183
4294967294,458
4294967294,90
4294967294,87
4294967278,220
4294967294,91
4294967278,218
4294967278,275
4294967278,219
4294967278,327
15,5
4294967278,217
15,4
4294967278,216
15,3
15,2
15,1
4294967278,326
4294967278,215
4294967294,127
4294967294,18
4294967278,214
14,4
4294967278,213
14,3
14,2
14,1
4294967278,325
0,7
4294967294,435
4294967294,471
4294967294,469
4294967294,253
4294967278,212
4294967279,522
4294967278,324
4294967279,521
4294967278,323
4294967294,254
4294967294,222
4294967279,520
4294967278,322
4294967279,519
4294967294,430
4294967278,321
4294967294,1
4294967279,518
4294967294,5
4294967294,211
4294967294,184
4294967278,320
4294967279,517
4294967294,0
